person 196 130 217 156 
person 159 114 183 161 
person 13 150 30 175 
person 3 161 26 190 
person 2 167 26 203 
person 1 194 29 238 
person 36 155 51 190 
person 44 159 71 214 
person 65 165 107 216 
person 135 154 168 232 
person 204 184 232 275 
person 233 176 281 275 
person 211 147 238 214 
person 248 139 264 195 
person 270 142 283 199 
person 284 137 303 198 
person 279 147 302 204 
person 305 147 327 199 
person 330 137 344 197 
person 341 147 358 200 
person 350 157 370 246 
person 389 151 415 225 
person 377 141 390 207 
person 415 158 432 260 
person 421 141 438 183 
person 444 139 461 166 
person 472 156 496 185 
car 49 135 242 208 
person 446 163 465 182 
person 482 185 500 275 
person 429 187 486 275 
person 332 244 377 276 
